Pid,ST,TAT,RWT,IWT
23,3,861,519,528
17,3,900,502,594
22,3,921,502,580
52,6,975,531,742
11,2,1010,499,752
35,4,1015,511,805
61,6,1028,526,823
63,6,1033,529,839
40,4,1038,516,861
27,3,1049,489,876
38,4,1063,494,920
81,9,1068,521,947
98,10,1084,515,953
67,7,1097,517,942
90,9,1118,502,968
107,11,1117,515,967
109,11,1119,499,990
113,11,1129,515,998
116,11,1137,518,977
26,3,1148,506,1007
31,4,1154,515,1024
171,18,1145,519,1007
134,14,1150,514,1000
154,16,1159,509,1012
138,14,1162,515,993
181,20,1156,516,999
169,17,1168,510,1020
170,18,1167,500,1030
191,21,1171,507,1036
238,27,1169,516,1054
251,27,1174,526,1072
236,26,1175,504,1063
189,21,1187,511,1021
233,26,1184,516,1047
227,25,1188,514,1049
216,23,1194,512,1046
213,23,1200,519,1027
239,27,1198,509,1071
263,29,1203,505,1083
243,27,1216,500,1070
256,28,1217,509,1074
271,29,1222,489,1116
285,30,1226,502,1095
41,4,1274,520,1143
316,32,1248,514,1131
310,32,1249,501,1145
15,3,1282,505,1090
283,30,1261,487,1141
328,33,1265,513,1148
334,33,1277,510,1156
317,33,1278,494,1153
339,34,1278,516,1154
373,37,1277,502,1201
43,4,1312,519,1154
353,34,1282,511,1172
361,36,1284,509,1174
375,38,1285,509,1191
337,34,1291,499,1176
297,31,1296,495,1149
405,40,1313,517,1195
404,40,1314,510,1206
417,41,1315,503,1242
395,39,1326,491,1210
383,39,1330,496,1208
372,37,1333,496,1204
414,41,1334,492,1253
392,39,1338,491,1217
422,41,1337,495,1271
415,41,1338,486,1266
461,46,1333,497,1279
409,40,1343,493,1245
464,46,1341,504,1300
418,41,1350,504,1220
463,46,1357,490,1301
444,45,1361,492,1273
456,46,1364,483,1296
478,49,1372,487,1321
64,7,1419,510,1338
462,46,1381,489,1289
78,9,1429,505,1359
467,47,1400,488,1303
69,7,1455,498,1355
85,9,1455,503,1353
104,11,1467,526,1348
77,8,1471,506,1345
165,17,1464,519,1392
147,15,1468,515,1400
96,10,1484,504,1368
1,0,1502,495,1391
127,13,1491,514,1381
172,18,1488,512,1401
155,16,1494,507,1407
87,9,1504,499,1372
141,14,1501,504,1394
140,14,1506,502,1392
208,23,1498,516,1431
163,17,1512,511,1387
177,19,1512,517,1403
253,27,1507,518,1437
202,23,1516,510,1402
3,0,1543,515,1436
237,27,1516,520,1439
261,29,1518,514,1447
247,27,1521,503,1450
221,24,1527,503,1416
226,25,1531,490,1438
229,25,1535,517,1425
21,3,1558,520,1381
257,28,1541,503,1448
264,29,1541,498,1458
210,23,1552,492,1430
45,5,1574,526,1485
234,26,1556,506,1417
298,31,1556,507,1505
36,4,1588,502,1464
300,32,1567,508,1491
360,36,1580,522,1508
377,38,1580,509,1556
338,34,1585,506,1525
8,2,1626,518,1515
341,34,1596,515,1518
370,37,1601,521,1533
13,3,1644,500,1546
57,6,1643,532,1554
59,6,1649,536,1554
388,39,1622,505,1567
401,39,1623,504,1570
358,36,1628,496,1536
451,46,1620,507,1626
442,44,1624,483,1629
432,42,1635,504,1602
424,41,1647,505,1583
408,40,1649,487,1597
428,41,1653,502,1585
53,6,1697,529,1600
42,4,1700,508,1642
47,5,1715,510,1665
111,11,1716,518,1706
91,9,1719,512,1683
100,10,1722,524,1674
123,12,1722,524,1704
156,16,1733,514,1737
132,14,1736,523,1709
158,16,1734,525,1714
148,15,1739,523,1727
497,50,1705,492,1650
25,3,1761,523,1718
157,16,1752,517,1724
19,3,1766,530,1701
18,3,1767,532,1722
199,22,1750,513,1748
174,18,1760,502,1742
121,12,1767,507,1720
151,16,1767,522,1715
178,19,1770,517,1720
195,22,1767,505,1735
160,17,1774,500,1737
188,21,1776,495,1732
211,23,1777,515,1744
193,22,1779,510,1729
220,24,1780,513,1726
218,23,1782,514,1738
260,29,1780,503,1779
200,22,1789,511,1737
235,26,1788,509,1746
274,29,1785,508,1787
255,28,1793,489,1784
265,29,1793,488,1785
266,29,1794,514,1762
206,23,1805,494,1747
9,2,1826,504,1758
6,1,1828,506,1781
305,32,1800,512,1799
252,27,1809,508,1750
280,30,1808,497,1785
318,33,1806,513,1809
313,32,1808,513,1801
309,32,1821,505,1806
350,34,1831,522,1813
314,32,1834,506,1780
29,3,1869,502,1808
311,32,1856,505,1795
381,38,1852,500,1839
348,34,1857,503,1812
312,32,1861,507,1804
37,4,1900,506,1819
39,4,1903,526,1859
394,39,1879,498,1841
72,7,1913,522,1944
48,5,1916,515,1913
447,46,1878,500,1903
400,39,1886,510,1843
437,44,1881,504,1919
391,39,1886,518,1838
445,46,1889,512,1893
421,41,1894,491,1901
411,40,1896,519,1832
440,44,1894,484,1915
470,48,1899,491,1915
54,6,1942,517,1952
65,7,1946,518,1938
493,50,1904,494,1935
494,50,1907,502,1919
448,46,1916,477,1890
7,1,1962,523,1951
93,9,1955,524,1961
79,9,1956,522,1940
102,10,1959,525,1941
492,50,1920,502,1929
86,9,1963,511,1963
120,12,1966,535,1960
5,0,1985,522,1952
115,11,1977,531,1932
119,12,1977,525,1959
112,11,1985,517,1950
124,13,1995,527,1935
144,14,1994,508,1979
10,2,2017,512,2013
137,14,2006,528,1960
184,20,2001,506,1998
219,23,2004,511,2003
201,23,2012,513,1983
24,3,2033,515,1974
131,14,2022,506,1978
245,27,2010,504,2035
209,23,2014,498,1984
117,12,2026,513,1964
194,22,2019,498,1981
186,20,2022,510,1984
240,27,2016,486,2023
250,27,2017,498,1983
272,29,2020,506,2038
288,30,2019,503,2021
254,27,2023,498,2022
49,6,2044,513,2035
259,29,2022,495,2016
270,29,2026,507,2013
287,30,2025,510,2027
262,29,2027,523,2015
16,3,2053,510,1999
302,32,2028,499,2030
345,34,2035,513,2048
322,33,2042,510,2039
50,6,2069,519,2002
289,30,2048,501,2015
244,27,2053,491,1977
324,33,2059,511,2038
333,33,2059,509,2044
355,35,2062,502,2070
368,37,2060,504,2067
386,39,2060,515,2091
425,41,2061,520,2080
384,39,2065,511,2060
371,37,2069,505,2061
402,39,2067,506,2076
378,38,2068,504,2068
390,39,2067,497,2069
286,30,2077,493,2030
426,41,2066,508,2099
379,38,2072,498,2071
423,41,2070,506,2092
436,43,2080,511,2105
454,46,2077,502,2119
427,41,2083,510,2091
416,41,2084,503,2076
352,34,2097,498,2042
458,46,2090,504,2138
406,40,2099,489,2091
477,49,2096,488,2142
488,49,2107,497,2128
480,49,2108,491,2136
487,49,2110,491,2128
474,48,2114,496,2102
12,2,2167,514,2156
94,9,2162,514,2160
71,7,2164,504,2163
55,6,2167,518,2129
106,11,2167,516,2138
68,7,2173,506,2134
97,10,2173,504,2153
166,17,2170,510,2189
34,4,2186,536,2171
142,14,2178,520,2179
114,11,2182,523,2147
173,18,2180,511,2203
180,19,2192,517,2175
162,17,2195,509,2185
20,3,2212,497,2187
307,32,2185,511,2236
284,30,2187,502,2208
4,0,2221,511,2186
176,19,2205,512,2185
279,30,2195,516,2231
365,37,2194,515,2261
246,27,2207,503,2195
335,33,2202,502,2250
343,34,2201,505,2242
374,38,2198,511,2250
275,29,2209,507,2171
299,32,2210,505,2205
293,31,2213,505,2197
276,30,2218,497,2189
292,30,2219,493,2210
0,0,2253,496,2207
315,32,2224,499,2211
273,29,2228,501,2191
320,33,2230,504,2233
363,36,2231,504,2238
362,36,2232,502,2225
398,39,2231,515,2258
396,39,2232,485,2246
382,38,2233,500,2230
412,40,2237,490,2252
466,47,2234,491,2314
380,38,2244,497,2242
431,42,2241,498,2284
393,39,2245,507,2232
319,33,2255,491,2205
459,46,2246,498,2310
75,8,2291,522,2324
125,13,2286,524,2351
58,6,2294,493,2310
46,5,2297,510,2302
51,6,2299,499,2308
446,46,2263,486,2282
44,4,2317,507,2284
473,48,2276,497,2267
472,48,2279,487,2283
136,14,2313,531,2304
110,11,2316,507,2326
108,11,2320,519,2312
152,16,2317,533,2318
73,8,2325,511,2295
185,20,2314,509,2336
129,13,2322,526,2311
105,11,2326,518,2295
187,20,2317,510,2334
161,17,2321,517,2331
95,9,2331,532,2285
146,14,2326,532,2311
14,3,2339,517,2306
153,16,2330,527,2337
76,8,2338,514,2275
139,14,2336,532,2297
133,14,2339,530,2285
205,23,2332,501,2313
149,16,2343,510,2288
198,22,2341,512,2291
223,25,2341,517,2300
249,27,2340,507,2296
2,0,2369,518,2345
242,27,2343,505,2309
323,33,2340,522,2338
291,30,2344,513,2311
182,20,2355,513,2284
304,32,2343,515,2325
230,25,2351,488,2284
258,29,2347,510,2327
232,25,2351,523,2310
203,23,2356,529,2309
340,34,2347,510,2350
248,27,2356,518,2329
376,38,2349,510,2381
290,30,2358,504,2320
295,31,2357,501,2311
385,39,2352,513,2337
332,33,2362,520,2349
452,46,2351,514,2363
369,37,2360,500,2361
441,44,2353,490,2378
347,34,2363,511,2350
336,34,2365,517,2334
308,32,2369,513,2325
429,41,2362,504,2382
349,34,2369,512,2321
439,44,2359,489,2346
325,33,2371,490,2340
453,46,2361,509,2402
403,40,2370,513,2361
407,40,2371,512,2353
33,4,2408,504,2365
32,4,2409,526,2368
399,39,2377,498,2341
419,41,2378,485,2366
457,46,2375,503,2373
450,46,2377,498,2381
103,10,2414,519,2408
413,41,2383,508,2339
443,44,2388,488,2343
60,6,2427,524,2388
66,7,2426,522,2407
482,49,2388,501,2343
489,49,2391,498,2390
118,12,2428,518,2391
80,9,2432,521,2373
150,16,2427,514,2405
168,17,2426,539,2413
88,9,2436,518,2407
486,49,2397,496,2364
476,49,2400,496,2371
192,21,2429,525,2376
241,27,2424,510,2404
145,14,2437,518,2436
204,23,2430,524,2432
92,9,2444,519,2398
82,9,2446,511,2390
83,9,2446,532,2382
471,48,2408,492,2339
330,33,2425,522,2404
269,29,2429,509,2415
126,13,2446,527,2404
346,34,2426,503,2439
190,21,2439,520,2415
267,29,2433,506,2395
301,32,2432,518,2436
217,23,2445,511,2364
214,23,2446,519,2333
30,3,2466,507,2384
354,35,2434,514,2422
303,32,2437,502,2377
327,33,2437,524,2414
277,30,2442,509,2417
122,12,2462,523,2375
207,23,2451,501,2395
329,33,2442,515,2400
344,34,2443,525,2420
356,36,2449,507,2421
484,49,2436,523,2449
28,3,2483,513,2415
468,47,2440,488,2442
430,41,2447,503,2446
433,42,2446,490,2503
321,33,2456,502,2380
465,47,2445,489,2468
438,44,2449,504,2409
164,17,2476,521,2465
357,36,2458,512,2396
410,40,2454,505,2426
359,36,2460,496,2404
455,46,2451,486,2430
84,9,2488,528,2417
485,49,2449,504,2425
70,7,2497,533,2401
56,6,2500,522,2425
351,34,2473,516,2397
89,9,2499,513,2471
74,8,2500,522,2382
143,14,2495,528,2450
490,50,2460,498,2429
296,31,2479,498,2364
159,16,2496,527,2424
62,6,2507,520,2430
222,24,2490,496,2435
281,30,2487,509,2442
294,31,2486,516,2468
475,49,2468,506,2427
183,20,2497,510,2413
228,25,2493,499,2402
495,50,2469,496,2437
128,13,2506,511,2424
435,43,2477,490,2407
130,13,2507,516,2440
167,17,2505,511,2415
99,10,2512,530,2432
231,25,2497,523,2439
469,47,2475,500,2453
491,50,2472,494,2365
135,14,2509,534,2429
197,22,2501,517,2411
101,10,2515,512,2425
212,23,2502,510,2355
282,30,2496,493,2417
483,49,2478,514,2436
225,25,2502,512,2424
224,25,2503,529,2425
179,19,2510,518,2429
389,39,2491,508,2437
460,46,2485,506,2488
420,41,2490,498,2421
498,51,2481,515,2391
342,34,2498,502,2404
364,37,2495,517,2416
434,43,2490,494,2426
215,23,2510,499,2377
278,30,2504,504,2385
387,39,2495,520,2423
306,32,2503,507,2437
366,37,2498,508,2437
268,29,2506,511,2430
196,22,2513,519,2415
175,18,2521,512,2380
367,37,2503,502,2405
499,51,2491,502,2421
496,50,2493,504,2405
326,33,2511,515,2422
331,33,2513,523,2393
479,49,2498,503,2463
449,46,2503,496,2457
397,39,2510,501,2389
481,49,2501,502,2444
